sample_id
217
42
146
177
163
75
215
182
205
56
187
29
253
158
235
218
57
70
48
114
58
221
257
145
147
243
248
11
44
40
140
19
203
207
200
242
201
51
1
228
80
219
6
38
43
254
88
128
154
164
142
222
49
236
16
237
81
244
186
212
92
176
232
122
171
50
117
86
8
106
249
229
78
216
47
93
179
10
211
238
131
85
32
160
84
105
184
97
178
118
120
198
91
3
62
155
33
96
5
175
68
241
121
230
168
194
149
208
137
112
224
192
36
60
34
20
99
255
15
66
98
195
13
193
226
170
67
73
113
125
234
45
26
31
174
180
134
190
169
23
247
214
69
251
107
52
156
240
252
74
172
115
256
227
157
161
59
4
53
206
82
22
37
124
185
14
239
258
152
136
188
64
87
202
104
183
220
133
18
65
76
24
63
35
72
39
126
116
231
30
210
95
41
27
129
245
102
100
138
109
54
55
108
153
141
71
143
148
46
21
173
110
159
213
132
139
233
144
151
28
25
204
77
250
79
111
191
119
199
2
181
196
17
90
162
9
150
130
225
12
103
166
135
101
189
94
197
83
165
61
223
246
7
209
127
89
167
123
